count	 id	 x	 y	 theta	 theta_deg
640	 0	 -2.900000	 -0.000000	 -1.570000	 -89.954377
640	 1	 -2.900000	 0.100000	 -1.570000	 -89.954377
640	 2	 -2.900000	 -0.100000	 -1.570000	 -89.954377
640	 3	 -2.900000	 0.213892	 -1.570000	 -89.954377
640	 4	 -2.900000	 -0.200000	 -1.570000	 -89.954377
1280	 0	 -2.900000	 -0.000000	 -1.570000	 -89.954377
1280	 1	 -2.900000	 0.100000	 -1.570000	 -89.954377
1280	 2	 -2.900000	 -0.100000	 -1.570000	 -89.954377
1280	 3	 -2.900000	 0.213892	 -1.570000	 -89.954377
1280	 4	 -2.900000	 -0.200000	 -1.570000	 -89.954377
1920	 0	 -2.853076	 0.006486	 -1.669657	 -95.664313
1920	 1	 -2.865721	 0.079270	 -0.916303	 -52.500297
1920	 2	 -2.854386	 -0.108358	 -1.427121	 -81.767985
1920	 3	 -2.862706	 0.195386	 -0.823757	 -47.197789
1920	 4	 -2.853165	 -0.182166	 -2.355235	 -134.945017
2560	 0	 -2.853076	 0.006486	 -1.669657	 -95.664313
2560	 1	 -2.865721	 0.079270	 -0.916303	 -52.500297
2560	 2	 -2.854386	 -0.108358	 -1.427121	 -81.767985
2560	 3	 -2.862706	 0.195386	 -0.823757	 -47.197789
2560	 4	 -2.853165	 -0.182166	 -2.355235	 -134.945017
3200	 0	 -2.790148	 0.004835	 -1.859838	 -106.560862
3200	 1	 -2.834552	 0.063741	 -0.228222	 -13.076160
3200	 2	 -2.790233	 -0.109239	 -1.665878	 -95.447775
3200	 3	 -2.841188	 0.173140	 -0.844912	 -48.409878
3200	 4	 -2.804778	 -0.187352	 -1.158405	 -66.371714
3840	 0	 -2.790148	 0.004835	 -1.859838	 -106.560862
3840	 1	 -2.834552	 0.063741	 -0.228222	 -13.076160
3840	 2	 -2.790233	 -0.109239	 -1.665878	 -95.447775
3840	 3	 -2.841188	 0.173140	 -0.844912	 -48.409878
3840	 4	 -2.804778	 -0.187352	 -1.158405	 -66.371714
4480	 0	 -2.790148	 0.004835	 -1.859838	 -106.560862
4480	 1	 -2.834552	 0.063741	 -0.228222	 -13.076160
4480	 2	 -2.790233	 -0.109239	 -1.665878	 -95.447775
4480	 3	 -2.841188	 0.173140	 -0.844912	 -48.409878
4480	 4	 -2.804778	 -0.187352	 -1.158405	 -66.371714
5120	 0	 -2.701944	 0.030924	 -1.748207	 -100.164868
5120	 1	 -2.831971	 -0.015880	 -0.174034	 -9.971418
5120	 2	 -2.731550	 -0.090551	 -2.151530	 -123.273590
5120	 3	 -2.792898	 0.110197	 -0.410386	 -23.513375
5120	 4	 -2.744144	 -0.202366	 -1.831050	 -104.911412
5760	 0	 -2.701944	 0.030924	 -1.748207	 -100.164868
5760	 1	 -2.831971	 -0.015880	 -0.174034	 -9.971418
5760	 2	 -2.731550	 -0.090551	 -2.151530	 -123.273590
5760	 3	 -2.792898	 0.110197	 -0.410386	 -23.513375
5760	 4	 -2.744144	 -0.202366	 -1.831050	 -104.911412
6400	 0	 -2.643871	 0.071205	 -2.496065	 -143.013998
6400	 1	 -2.778333	 -0.108531	 -0.772530	 -44.262706
6400	 2	 -2.672971	 -0.044752	 -2.235845	 -128.104487
6400	 3	 -2.771739	 0.032614	 -0.046364	 -2.656476
6400	 4	 -2.682135	 -0.161054	 -2.193252	 -125.664088
7040	 0	 -2.643871	 0.071205	 -2.496065	 -143.013998
7040	 1	 -2.778333	 -0.108531	 -0.772530	 -44.262706
7040	 2	 -2.672971	 -0.044752	 -2.235845	 -128.104487
7040	 3	 -2.771739	 0.032614	 -0.046364	 -2.656476
7040	 4	 -2.682135	 -0.161054	 -2.193252	 -125.664088
7680	 0	 -2.643871	 0.071205	 -2.496065	 -143.013998
7680	 1	 -2.778333	 -0.108531	 -0.772530	 -44.262706
7680	 2	 -2.672971	 -0.044752	 -2.235845	 -128.104487
7680	 3	 -2.771739	 0.032614	 -0.046364	 -2.656476
7680	 4	 -2.682135	 -0.161054	 -2.193252	 -125.664088
8320	 0	 -2.579024	 0.186765	 -2.384953	 -136.647742
8320	 1	 -2.681672	 -0.172372	 -1.186893	 -68.003973
8320	 2	 -2.597762	 0.010837	 -2.133872	 -122.261875
8320	 3	 -2.716813	 -0.073819	 -0.948824	 -54.363583
8320	 4	 -2.590515	 -0.107342	 -2.062764	 -118.187654
8960	 0	 -2.579024	 0.186765	 -2.384953	 -136.647742
8960	 1	 -2.681672	 -0.172372	 -1.186893	 -68.003973
8960	 2	 -2.597762	 0.010837	 -2.133872	 -122.261875
8960	 3	 -2.716813	 -0.073819	 -0.948824	 -54.363583
8960	 4	 -2.590515	 -0.107342	 -2.062764	 -118.187654
9600	 0	 -2.454592	 0.254389	 -1.807069	 -103.537431
9600	 1	 -2.578873	 -0.201906	 -1.442636	 -82.656948
9600	 2	 -2.523957	 0.053088	 -2.029820	 -116.300117
9600	 3	 -2.587830	 -0.094621	 -1.792964	 -102.729283
9600	 4	 -2.477680	 -0.055667	 -1.970253	 -112.887201
10240	 0	 -2.454592	 0.254389	 -1.807069	 -103.537431
10240	 1	 -2.578873	 -0.201906	 -1.442636	 -82.656948
10240	 2	 -2.523957	 0.053088	 -2.029820	 -116.300117
10240	 3	 -2.587830	 -0.094621	 -1.792964	 -102.729283
10240	 4	 -2.477680	 -0.055667	 -1.970253	 -112.887201
10880	 0	 -2.454592	 0.254389	 -1.807069	 -103.537431
10880	 1	 -2.578873	 -0.201906	 -1.442636	 -82.656948
10880	 2	 -2.523957	 0.053088	 -2.029820	 -116.300117
10880	 3	 -2.587830	 -0.094621	 -1.792964	 -102.729283
10880	 4	 -2.477680	 -0.055667	 -1.970253	 -112.887201
11520	 0	 -2.312380	 0.260147	 -1.435507	 -82.248516
11520	 1	 -2.458119	 -0.197859	 -1.741532	 -99.782432
11520	 2	 -2.451723	 0.084455	 -1.913048	 -109.609571
11520	 3	 -2.456856	 -0.078573	 -1.726506	 -98.921507
11520	 4	 -2.371393	 -0.009849	 -2.037768	 -116.755486
12160	 0	 -2.312380	 0.260147	 -1.435507	 -82.248516
12160	 1	 -2.458119	 -0.197859	 -1.741532	 -99.782432
12160	 2	 -2.451723	 0.084455	 -1.913048	 -109.609571
12160	 3	 -2.456856	 -0.078573	 -1.726506	 -98.921507
12160	 4	 -2.371393	 -0.009849	 -2.037768	 -116.755486
12800	 0	 -2.176666	 0.222911	 -1.173331	 -67.226922
12800	 1	 -2.342608	 -0.163016	 -1.966590	 -112.677289
12800	 2	 -2.359276	 0.117844	 -1.865750	 -106.899584
12800	 3	 -2.340040	 -0.043099	 -1.940733	 -111.195794
12800	 4	 -2.262566	 0.044445	 -2.029434	 -116.277987
13440	 0	 -2.176666	 0.222911	 -1.173331	 -67.226922
13440	 1	 -2.342608	 -0.163016	 -1.966590	 -112.677289
13440	 2	 -2.359276	 0.117844	 -1.865750	 -106.899584
13440	 3	 -2.340040	 -0.043099	 -1.940733	 -111.195794
13440	 4	 -2.262566	 0.044445	 -2.029434	 -116.277987
14080	 0	 -2.176666	 0.222911	 -1.173331	 -67.226922
14080	 1	 -2.342608	 -0.163016	 -1.966590	 -112.677289
14080	 2	 -2.359276	 0.117844	 -1.865750	 -106.899584
14080	 3	 -2.340040	 -0.043099	 -1.940733	 -111.195794
14080	 4	 -2.262566	 0.044445	 -2.029434	 -116.277987
14720	 0	 -2.073495	 0.157871	 -0.715745	 -41.009170
14720	 1	 -2.236655	 -0.116410	 -2.022882	 -115.902600
14720	 2	 -2.263150	 0.144783	 -1.640178	 -93.975275
14720	 3	 -2.227577	 0.003283	 -2.052461	 -117.597361
14720	 4	 -2.148123	 0.094175	 -1.934321	 -110.828425
15360	 0	 -2.073495	 0.157871	 -0.715745	 -41.009170
15360	 1	 -2.236655	 -0.116410	 -2.022882	 -115.902600
15360	 2	 -2.263150	 0.144783	 -1.640178	 -93.975275
15360	 3	 -2.227577	 0.003283	 -2.052461	 -117.597361
15360	 4	 -2.148123	 0.094175	 -1.934321	 -110.828425
16000	 0	 -2.010889	 0.094724	 -0.711768	 -40.781328
16000	 1	 -2.132233	 -0.062643	 -2.033718	 -116.523464
16000	 2	 -2.152630	 0.151980	 -1.619076	 -92.766222
16000	 3	 -2.134825	 0.027274	 -0.981463	 -56.233671
16000	 4	 -2.083425	 0.081136	 -1.058626	 -60.654812
16640	 0	 -2.010889	 0.094724	 -0.711768	 -40.781328
16640	 1	 -2.132233	 -0.062643	 -2.033718	 -116.523464
16640	 2	 -2.152630	 0.151980	 -1.619076	 -92.766222
16640	 3	 -2.134825	 0.027274	 -0.981463	 -56.233671
16640	 4	 -2.083425	 0.081136	 -1.058626	 -60.654812
17280	 0	 -2.010889	 0.094724	 -0.711768	 -40.781328
17280	 1	 -2.132233	 -0.062643	 -2.033718	 -116.523464
17280	 2	 -2.152630	 0.151980	 -1.619076	 -92.766222
17280	 3	 -2.134825	 0.027274	 -0.981463	 -56.233671
17280	 4	 -2.083425	 0.081136	 -1.058626	 -60.654812
17920	 0	 -1.945652	 0.019834	 -0.880864	 -50.469815
17920	 1	 -2.019285	 -0.073462	 -1.341006	 -76.833986
17920	 2	 -2.031140	 0.143145	 -1.370015	 -78.496086
17920	 3	 -2.108194	 -0.005922	 -0.567813	 -32.533308
17920	 4	 -2.038894	 0.019194	 -0.288957	 -16.556037
18560	 0	 -1.945652	 0.019834	 -0.880864	 -50.469815
18560	 1	 -2.019285	 -0.073462	 -1.341006	 -76.833986
18560	 2	 -2.031140	 0.143145	 -1.370015	 -78.496086
18560	 3	 -2.108194	 -0.005922	 -0.567813	 -32.533308
18560	 4	 -2.038894	 0.019194	 -0.288957	 -16.556037
19200	 0	 -1.828943	 -0.026105	 -1.094498	 -62.710139
19200	 1	 -1.923962	 -0.110079	 -1.170516	 -67.065621
19200	 2	 -1.893415	 0.093357	 -1.086690	 -62.262775
19200	 3	 -2.073831	 -0.087199	 -0.552468	 -31.654081
19200	 4	 -2.006038	 -0.057786	 -0.216581	 -12.409153
19840	 0	 -1.828943	 -0.026105	 -1.094498	 -62.710139
19840	 1	 -1.923962	 -0.110079	 -1.170516	 -67.065621
19840	 2	 -1.893415	 0.093357	 -1.086690	 -62.262775
19840	 3	 -2.073831	 -0.087199	 -0.552468	 -31.654081
19840	 4	 -2.006038	 -0.057786	 -0.216581	 -12.409153
20480	 0	 -1.828943	 -0.026105	 -1.094498	 -62.710139
20480	 1	 -1.923962	 -0.110079	 -1.170516	 -67.065621
20480	 2	 -1.893415	 0.093357	 -1.086690	 -62.262775
20480	 3	 -2.073831	 -0.087199	 -0.552468	 -31.654081
20480	 4	 -2.006038	 -0.057786	 -0.216581	 -12.409153
21120	 0	 -1.721469	 -0.088314	 -0.984015	 -56.379896
21120	 1	 -1.829365	 -0.149868	 -1.195195	 -68.479641
21120	 2	 -1.779281	 0.013226	 -0.766488	 -43.916532
21120	 3	 -2.017802	 -0.152895	 -0.718853	 -41.187260
21120	 4	 -1.957420	 -0.109671	 -0.851336	 -48.777956
21760	 0	 -1.721469	 -0.088314	 -0.984015	 -56.379896
21760	 1	 -1.829365	 -0.149868	 -1.195195	 -68.479641
21760	 2	 -1.779281	 0.013226	 -0.766488	 -43.916532
21760	 3	 -2.017802	 -0.152895	 -0.718853	 -41.187260
21760	 4	 -1.957420	 -0.109671	 -0.851336	 -48.777956
22400	 0	 -1.635006	 -0.137376	 -1.018185	 -58.337732
22400	 1	 -1.730177	 -0.212193	 -0.933795	 -53.502501
22400	 2	 -1.718006	 -0.092894	 -0.259425	 -14.863986
22400	 3	 -1.953910	 -0.239314	 -0.888029	 -50.880309
22400	 4	 -1.863593	 -0.158589	 -1.218576	 -69.819252
23040	 0	 -1.635006	 -0.137376	 -1.018185	 -58.337732
23040	 1	 -1.730177	 -0.212193	 -0.933795	 -53.502501
23040	 2	 -1.718006	 -0.092894	 -0.259425	 -14.863986
23040	 3	 -1.953910	 -0.239314	 -0.888029	 -50.880309
23040	 4	 -1.863593	 -0.158589	 -1.218576	 -69.819252
23680	 0	 -1.635006	 -0.137376	 -1.018185	 -58.337732
23680	 1	 -1.730177	 -0.212193	 -0.933795	 -53.502501
23680	 2	 -1.718006	 -0.092894	 -0.259425	 -14.863986
23680	 3	 -1.953910	 -0.239314	 -0.888029	 -50.880309
23680	 4	 -1.863593	 -0.158589	 -1.218576	 -69.819252
24320	 0	 -1.552519	 -0.194907	 -0.989511	 -56.694832
24320	 1	 -1.630018	 -0.287805	 -0.923741	 -52.926480
24320	 2	 -1.650814	 -0.193055	 -1.131479	 -64.828993
24320	 3	 -1.831801	 -0.293037	 -1.352002	 -77.464003
24320	 4	 -1.759720	 -0.197645	 -1.352559	 -77.495921
24960	 0	 -1.552519	 -0.194907	 -0.989511	 -56.694832
24960	 1	 -1.630018	 -0.287805	 -0.923741	 -52.926480
24960	 2	 -1.650814	 -0.193055	 -1.131479	 -64.828993
24960	 3	 -1.831801	 -0.293037	 -1.352002	 -77.464003
24960	 4	 -1.759720	 -0.197645	 -1.352559	 -77.495921
25600	 0	 -1.458992	 -0.241015	 -1.184007	 -67.838600
25600	 1	 -1.528421	 -0.346317	 -1.445019	 -82.793518
25600	 2	 -1.546239	 -0.210050	 -1.646108	 -94.315036
25600	 3	 -1.709157	 -0.308008	 -1.515871	 -86.853007
25600	 4	 -1.633833	 -0.213841	 -1.542346	 -88.369930
26240	 0	 -1.458992	 -0.241015	 -1.184007	 -67.838600
26240	 1	 -1.528421	 -0.346317	 -1.445019	 -82.793518
26240	 2	 -1.546239	 -0.210050	 -1.646108	 -94.315036
26240	 3	 -1.709157	 -0.308008	 -1.515871	 -86.853007
26240	 4	 -1.633833	 -0.213841	 -1.542346	 -88.369930
26880	 0	 -1.458992	 -0.241015	 -1.184007	 -67.838600
26880	 1	 -1.528421	 -0.346317	 -1.445019	 -82.793518
26880	 2	 -1.546239	 -0.210050	 -1.646108	 -94.315036
26880	 3	 -1.709157	 -0.308008	 -1.515871	 -86.853007
26880	 4	 -1.633833	 -0.213841	 -1.542346	 -88.369930
27520	 0	 -1.335671	 -0.275745	 -1.334161	 -76.441776
27520	 1	 -1.399695	 -0.376563	 -1.335142	 -76.497982
27520	 2	 -1.429970	 -0.188791	 -1.675283	 -95.986636
27520	 3	 -1.590603	 -0.311192	 -1.544232	 -88.477963
27520	 4	 -1.528883	 -0.223204	 -1.507212	 -86.356903
28160	 0	 -1.335671	 -0.275745	 -1.334161	 -76.441776
28160	 1	 -1.399695	 -0.376563	 -1.335142	 -76.497982
28160	 2	 -1.429970	 -0.188791	 -1.675283	 -95.986636
28160	 3	 -1.590603	 -0.311192	 -1.544232	 -88.477963
28160	 4	 -1.528883	 -0.223204	 -1.507212	 -86.356903
28800	 0	 -1.202985	 -0.279836	 -1.885775	 -108.046933
28800	 1	 -1.268059	 -0.366397	 -2.042342	 -117.017588
28800	 2	 -1.299945	 -0.197355	 -1.357820	 -77.797350
28800	 3	 -1.470956	 -0.313495	 -1.566539	 -89.756083
28800	 4	 -1.417889	 -0.231927	 -1.502681	 -86.097287
29440	 0	 -1.202985	 -0.279836	 -1.885775	 -108.046933
29440	 1	 -1.268059	 -0.366397	 -2.042342	 -117.017588
29440	 2	 -1.299945	 -0.197355	 -1.357820	 -77.797350
29440	 3	 -1.470956	 -0.313495	 -1.566539	 -89.756083
29440	 4	 -1.417889	 -0.231927	 -1.502681	 -86.097287
30080	 0	 -1.202985	 -0.279836	 -1.885775	 -108.046933
30080	 1	 -1.268059	 -0.366397	 -2.042342	 -117.017588
30080	 2	 -1.299945	 -0.197355	 -1.357820	 -77.797350
30080	 3	 -1.470956	 -0.313495	 -1.566539	 -89.756083
30080	 4	 -1.417889	 -0.231927	 -1.502681	 -86.097287
30720	 0	 -1.118431	 -0.251716	 -1.893247	 -108.475090
30720	 1	 -1.173175	 -0.317483	 -1.522045	 -87.206735
30720	 2	 -1.181613	 -0.193064	 -1.786224	 -102.343111
30720	 3	 -1.350939	 -0.309000	 -1.642949	 -94.134050
30720	 4	 -1.288334	 -0.229916	 -1.811930	 -103.815945
31360	 0	 -1.118431	 -0.251716	 -1.893247	 -108.475090
31360	 1	 -1.173175	 -0.317483	 -1.522045	 -87.206735
31360	 2	 -1.181613	 -0.193064	 -1.786224	 -102.343111
31360	 3	 -1.350939	 -0.309000	 -1.642949	 -94.134050
31360	 4	 -1.288334	 -0.229916	 -1.811930	 -103.815945
32000	 0	 -1.014261	 -0.220261	 -1.639608	 -93.942613
32000	 1	 -1.048725	 -0.345453	 -1.585542	 -90.844876
32000	 2	 -1.100428	 -0.165767	 -1.812250	 -103.834291
32000	 3	 -1.215464	 -0.294678	 -1.759552	 -100.814876
32000	 4	 -1.188692	 -0.181787	 -1.998905	 -114.528844
32640	 0	 -1.014261	 -0.220261	 -1.639608	 -93.942613
32640	 1	 -1.048725	 -0.345453	 -1.585542	 -90.844876
32640	 2	 -1.100428	 -0.165767	 -1.812250	 -103.834291
32640	 3	 -1.215464	 -0.294678	 -1.759552	 -100.814876
32640	 4	 -1.188692	 -0.181787	 -1.998905	 -114.528844
33280	 0	 -1.014261	 -0.220261	 -1.639608	 -93.942613
33280	 1	 -1.048725	 -0.345453	 -1.585542	 -90.844876
33280	 2	 -1.100428	 -0.165767	 -1.812250	 -103.834291
33280	 3	 -1.215464	 -0.294678	 -1.759552	 -100.814876
33280	 4	 -1.188692	 -0.181787	 -1.998905	 -114.528844
33920	 0	 -0.898068	 -0.217935	 -1.782107	 -102.107209
33920	 1	 -0.927287	 -0.303115	 -2.126323	 -121.829319
33920	 2	 -0.984122	 -0.130826	 -1.888359	 -108.194978
33920	 3	 -1.077736	 -0.264342	 -1.794190	 -102.799511
33920	 4	 -1.090903	 -0.147469	 -1.880301	 -107.733339
34560	 0	 -0.898068	 -0.217935	 -1.782107	 -102.107209
34560	 1	 -0.927287	 -0.303115	 -2.126323	 -121.829319
34560	 2	 -0.984122	 -0.130826	 -1.888359	 -108.194978
34560	 3	 -1.077736	 -0.264342	 -1.794190	 -102.799511
34560	 4	 -1.090903	 -0.147469	 -1.880301	 -107.733339
35200	 0	 -0.797919	 -0.192260	 -1.761990	 -100.954574
35200	 1	 -0.839558	 -0.271123	 -1.585669	 -90.852144
35200	 2	 -0.857009	 -0.091024	 -1.828643	 -104.773524
35200	 3	 -0.948549	 -0.230913	 -1.815166	 -104.001358
35200	 4	 -0.976352	 -0.114738	 -1.832740	 -105.008264
35840	 0	 -0.797919	 -0.192260	 -1.761990	 -100.954574
35840	 1	 -0.839558	 -0.271123	 -1.585669	 -90.852144
35840	 2	 -0.857009	 -0.091024	 -1.828643	 -104.773524
35840	 3	 -0.948549	 -0.230913	 -1.815166	 -104.001358
35840	 4	 -0.976352	 -0.114738	 -1.832740	 -105.008264
36480	 0	 -0.797919	 -0.192260	 -1.761990	 -100.954574
36480	 1	 -0.839558	 -0.271123	 -1.585669	 -90.852144
36480	 2	 -0.857009	 -0.091024	 -1.828643	 -104.773524
36480	 3	 -0.948549	 -0.230913	 -1.815166	 -104.001358
36480	 4	 -0.976352	 -0.114738	 -1.832740	 -105.008264
37120	 0	 -0.688312	 -0.178791	 -1.693563	 -97.033984
37120	 1	 -0.735897	 -0.265167	 -1.465157	 -83.947321
37120	 2	 -0.728947	 -0.066627	 -1.667535	 -95.542694
37120	 3	 -0.824672	 -0.204534	 -1.725153	 -98.844005
37120	 4	 -0.848047	 -0.087260	 -1.751746	 -100.367670
37760	 0	 -0.688312	 -0.178791	 -1.693563	 -97.033984
37760	 1	 -0.735897	 -0.265167	 -1.465157	 -83.947321
37760	 2	 -0.728947	 -0.066627	 -1.667535	 -95.542694
37760	 3	 -0.824672	 -0.204534	 -1.725153	 -98.844005
37760	 4	 -0.848047	 -0.087260	 -1.751746	 -100.367670
38400	 0	 -0.558860	 -0.157825	 -1.768089	 -101.304013
38400	 1	 -0.610928	 -0.273304	 -1.761190	 -100.908764
38400	 2	 -0.612064	 -0.050050	 -1.713264	 -98.162803
38400	 3	 -0.715684	 -0.184384	 -1.745732	 -100.023093
38400	 4	 -0.725284	 -0.064048	 -1.707265	 -97.819066
39040	 0	 -0.558860	 -0.157825	 -1.768089	 -101.304013
39040	 1	 -0.610928	 -0.273304	 -1.761190	 -100.908764
39040	 2	 -0.612064	 -0.050050	 -1.713264	 -98.162803
39040	 3	 -0.715684	 -0.184384	 -1.745732	 -100.023093
39040	 4	 -0.725284	 -0.064048	 -1.707265	 -97.819066
39680	 0	 -0.558860	 -0.157825	 -1.768089	 -101.304013
39680	 1	 -0.610928	 -0.273304	 -1.761190	 -100.908764
39680	 2	 -0.612064	 -0.050050	 -1.713264	 -98.162803
39680	 3	 -0.715684	 -0.184384	 -1.745732	 -100.023093
39680	 4	 -0.725284	 -0.064048	 -1.707265	 -97.819066
40320	 0	 -0.451342	 -0.125519	 -1.928692	 -110.505924
40320	 1	 -0.496480	 -0.222930	 -1.965404	 -112.609349
40320	 2	 -0.498548	 -0.029096	 -1.884763	 -107.988986
40320	 3	 -0.601587	 -0.164870	 -1.740629	 -99.730720
40320	 4	 -0.614863	 -0.045995	 -1.742607	 -99.844047
40960	 0	 -0.451342	 -0.125519	 -1.928692	 -110.505924
40960	 1	 -0.496480	 -0.222930	 -1.965404	 -112.609349
40960	 2	 -0.498548	 -0.029096	 -1.884763	 -107.988986
40960	 3	 -0.601587	 -0.164870	 -1.740629	 -99.730720
40960	 4	 -0.614863	 -0.045995	 -1.742607	 -99.844047
41600	 0	 -0.347839	 -0.081994	 -1.980396	 -113.468334
41600	 1	 -0.385623	 -0.192866	 -1.792152	 -102.682755
41600	 2	 -0.406203	 0.011499	 -2.063539	 -118.232064
41600	 3	 -0.485275	 -0.132227	 -1.927905	 -110.460797
41600	 4	 -0.511535	 -0.016261	 -1.916264	 -109.793863
42240	 0	 -0.347839	 -0.081994	 -1.980396	 -113.468334
42240	 1	 -0.385623	 -0.192866	 -1.792152	 -102.682755
42240	 2	 -0.406203	 0.011499	 -2.063539	 -118.232064
42240	 3	 -0.485275	 -0.132227	 -1.927905	 -110.460797
42240	 4	 -0.511535	 -0.016261	 -1.916264	 -109.793863
42880	 0	 -0.347839	 -0.081994	 -1.980396	 -113.468334
42880	 1	 -0.385623	 -0.192866	 -1.792152	 -102.682755
42880	 2	 -0.406203	 0.011499	 -2.063539	 -118.232064
42880	 3	 -0.485275	 -0.132227	 -1.927905	 -110.460797
42880	 4	 -0.511535	 -0.016261	 -1.916264	 -109.793863
43520	 0	 -0.224368	 -0.034554	 -1.894698	 -108.558173
43520	 1	 -0.276009	 -0.155357	 -1.989444	 -113.986725
43520	 2	 -0.301549	 0.059097	 -1.908748	 -109.363186
43520	 3	 -0.365289	 -0.086958	 -1.976592	 -113.250383
43520	 4	 -0.404381	 0.026613	 -1.939631	 -111.132683
44160	 0	 -0.224368	 -0.034554	 -1.894698	 -108.558173
44160	 1	 -0.276009	 -0.155357	 -1.989444	 -113.986725
44160	 2	 -0.301549	 0.059097	 -1.908748	 -109.363186
44160	 3	 -0.365289	 -0.086958	 -1.976592	 -113.250383
44160	 4	 -0.404381	 0.026613	 -1.939631	 -111.132683
44800	 0	 -0.101085	 0.002993	 -1.778009	 -101.872394
44800	 1	 -0.171784	 -0.101056	 -2.010539	 -115.195402
44800	 2	 -0.193126	 0.081683	 -1.727419	 -98.973806
44800	 3	 -0.252776	 -0.041176	 -1.964353	 -112.549141
44800	 4	 -0.299415	 0.068554	 -1.934691	 -110.849640
45440	 0	 -0.101085	 0.002993	 -1.778009	 -101.872394
45440	 1	 -0.171784	 -0.101056	 -2.010539	 -115.195402
45440	 2	 -0.193126	 0.081683	 -1.727419	 -98.973806
45440	 3	 -0.252776	 -0.041176	 -1.964353	 -112.549141
45440	 4	 -0.299415	 0.068554	 -1.934691	 -110.849640
46080	 0	 -0.101085	 0.002993	 -1.778009	 -101.872394
46080	 1	 -0.171784	 -0.101056	 -2.010539	 -115.195402
46080	 2	 -0.193126	 0.081683	 -1.727419	 -98.973806
46080	 3	 -0.252776	 -0.041176	 -1.964353	 -112.549141
46080	 4	 -0.299415	 0.068554	 -1.934691	 -110.849640
46720	 0	 0.021866	 0.037033	 -1.801064	 -103.193373
46720	 1	 -0.067968	 -0.049837	 -2.049054	 -117.402141
46720	 2	 -0.076006	 0.107157	 -1.772369	 -101.549258
46720	 3	 -0.142811	 -0.000053	 -1.995561	 -114.337223
46720	 4	 -0.191547	 0.109871	 -1.887867	 -108.166817
47360	 0	 0.021866	 0.037033	 -1.801064	 -103.193373
47360	 1	 -0.067968	 -0.049837	 -2.049054	 -117.402141
47360	 2	 -0.076006	 0.107157	 -1.772369	 -101.549258
47360	 3	 -0.142811	 -0.000053	 -1.995561	 -114.337223
47360	 4	 -0.191547	 0.109871	 -1.887867	 -108.166817
48000	 0	 0.142370	 0.078123	 -1.965963	 -112.641383
48000	 1	 0.039375	 0.002476	 -1.937037	 -110.984058
48000	 2	 0.033274	 0.135975	 -1.870252	 -107.157540
48000	 3	 -0.046782	 0.034005	 -1.876728	 -107.528611
48000	 4	 -0.081284	 0.148066	 -1.946771	 -111.541784
48640	 0	 0.142370	 0.078123	 -1.965963	 -112.641383
48640	 1	 0.039375	 0.002476	 -1.937037	 -110.984058
48640	 2	 0.033274	 0.135975	 -1.870252	 -107.157540
48640	 3	 -0.046782	 0.034005	 -1.876728	 -107.528611
48640	 4	 -0.081284	 0.148066	 -1.946771	 -111.541784
49280	 0	 0.142370	 0.078123	 -1.965963	 -112.641383
49280	 1	 0.039375	 0.002476	 -1.937037	 -110.984058
49280	 2	 0.033274	 0.135975	 -1.870252	 -107.157540
49280	 3	 -0.046782	 0.034005	 -1.876728	 -107.528611
49280	 4	 -0.081284	 0.148066	 -1.946771	 -111.541784
49920	 0	 0.258691	 0.128700	 -1.998931	 -114.530306
49920	 1	 0.155150	 0.044853	 -1.932436	 -110.720426
49920	 2	 0.143494	 0.169293	 -1.854310	 -106.244159
49920	 3	 0.068632	 0.075436	 -1.956646	 -112.107549
49920	 4	 0.028647	 0.188309	 -1.909713	 -109.418510
50560	 0	 0.258691	 0.128700	 -1.998931	 -114.530306
50560	 1	 0.155150	 0.044853	 -1.932436	 -110.720426
50560	 2	 0.143494	 0.169293	 -1.854310	 -106.244159
50560	 3	 0.068632	 0.075436	 -1.956646	 -112.107549
50560	 4	 0.028647	 0.188309	 -1.909713	 -109.418510
51200	 0	 0.376404	 0.174100	 -2.052006	 -117.571297
51200	 1	 0.272161	 0.087857	 -1.940340	 -111.173288
51200	 2	 0.262350	 0.216267	 -1.959688	 -112.281855
51200	 3	 0.175899	 0.114581	 -1.908732	 -109.362284
51200	 4	 0.143293	 0.230349	 -1.938149	 -111.047784
51840	 0	 0.376404	 0.174100	 -2.052006	 -117.571297
51840	 1	 0.272161	 0.087857	 -1.940340	 -111.173288
51840	 2	 0.262350	 0.216267	 -1.959688	 -112.281855
51840	 3	 0.175899	 0.114581	 -1.908732	 -109.362284
51840	 4	 0.143293	 0.230349	 -1.938149	 -111.047784
52480	 0	 0.376404	 0.174100	 -2.052006	 -117.571297
52480	 1	 0.272161	 0.087857	 -1.940340	 -111.173288
52480	 2	 0.262350	 0.216267	 -1.959688	 -112.281855
52480	 3	 0.175899	 0.114581	 -1.908732	 -109.362284
52480	 4	 0.143293	 0.230349	 -1.938149	 -111.047784
53120	 0	 0.489176	 0.233568	 -2.093068	 -119.923970
53120	 1	 0.390264	 0.137140	 -1.940945	 -111.207938
53120	 2	 0.370848	 0.256463	 -1.910549	 -109.466376
53120	 3	 0.276774	 0.152637	 -1.941031	 -111.212897
53120	 4	 0.252421	 0.269564	 -1.888353	 -108.194677
53760	 0	 0.489176	 0.233568	 -2.093068	 -119.923970
53760	 1	 0.390264	 0.137140	 -1.940945	 -111.207938
53760	 2	 0.370848	 0.256463	 -1.910549	 -109.466376
53760	 3	 0.276774	 0.152637	 -1.941031	 -111.212897
53760	 4	 0.252421	 0.269564	 -1.888353	 -108.194677
54400	 0	 0.611529	 0.270034	 -1.539665	 -88.216312
54400	 1	 0.508270	 0.182124	 -1.914352	 -109.684266
54400	 2	 0.483879	 0.299951	 -1.897002	 -108.690194
54400	 3	 0.389211	 0.189571	 -1.893088	 -108.465972
54400	 4	 0.364611	 0.306677	 -1.891242	 -108.360173
55040	 0	 0.611529	 0.270034	 -1.539665	 -88.216312
55040	 1	 0.508270	 0.182124	 -1.914352	 -109.684266
55040	 2	 0.483879	 0.299951	 -1.897002	 -108.690194
55040	 3	 0.389211	 0.189571	 -1.893088	 -108.465972
55040	 4	 0.364611	 0.306677	 -1.891242	 -108.360173
55680	 0	 0.611529	 0.270034	 -1.539665	 -88.216312
55680	 1	 0.508270	 0.182124	 -1.914352	 -109.684266
55680	 2	 0.483879	 0.299951	 -1.897002	 -108.690194
55680	 3	 0.389211	 0.189571	 -1.893088	 -108.465972
55680	 4	 0.364611	 0.306677	 -1.891242	 -108.360173
56320	 0	 0.730876	 0.259398	 -1.811187	 -103.773373
56320	 1	 0.634019	 0.204967	 -1.595767	 -91.430729
56320	 2	 0.597481	 0.332185	 -1.779834	 -101.976951
56320	 3	 0.514650	 0.231139	 -1.862206	 -106.696564
56320	 4	 0.480016	 0.345564	 -1.920465	 -110.034566
56960	 0	 0.730876	 0.259398	 -1.811187	 -103.773373
56960	 1	 0.634019	 0.204967	 -1.595767	 -91.430729
56960	 2	 0.597481	 0.332185	 -1.779834	 -101.976951
56960	 3	 0.514650	 0.231139	 -1.862206	 -106.696564
56960	 4	 0.480016	 0.345564	 -1.920465	 -110.034566
57600	 0	 0.827034	 0.315217	 -2.182538	 -125.050191
57600	 1	 0.763653	 0.245341	 -1.910976	 -109.490849
57600	 2	 0.719019	 0.357373	 -1.893433	 -108.485746
57600	 3	 0.642799	 0.266123	 -1.808866	 -103.640396
57600	 4	 0.602500	 0.379640	 -1.852986	 -106.168262
58240	 0	 0.827034	 0.315217	 -2.182538	 -125.050191
58240	 1	 0.763653	 0.245341	 -1.910976	 -109.490849
58240	 2	 0.719019	 0.357373	 -1.893433	 -108.485746
58240	 3	 0.642799	 0.266123	 -1.808866	 -103.640396
58240	 4	 0.602500	 0.379640	 -1.852986	 -106.168262
58880	 0	 0.827034	 0.315217	 -2.182538	 -125.050191
58880	 1	 0.763653	 0.245341	 -1.910976	 -109.490849
58880	 2	 0.719019	 0.357373	 -1.893433	 -108.485746
58880	 3	 0.642799	 0.266123	 -1.808866	 -103.640396
58880	 4	 0.602500	 0.379640	 -1.852986	 -106.168262
59520	 0	 0.911208	 0.364974	 -2.063497	 -118.229659
59520	 1	 0.863342	 0.266738	 -1.475838	 -84.559265
59520	 2	 0.828584	 0.401034	 -1.994501	 -114.276482
59520	 3	 0.773112	 0.298608	 -1.774434	 -101.667564
59520	 4	 0.714164	 0.404422	 -1.805834	 -103.466684
60160	 0	 0.911208	 0.364974	 -2.063497	 -118.229659
60160	 1	 0.863342	 0.266738	 -1.475838	 -84.559265
60160	 2	 0.828584	 0.401034	 -1.994501	 -114.276482
60160	 3	 0.773112	 0.298608	 -1.774434	 -101.667564
60160	 4	 0.714164	 0.404422	 -1.805834	 -103.466684
60800	 0	 1.032068	 0.388156	 -1.571451	 -90.037514
60800	 1	 0.976723	 0.278735	 -1.756246	 -100.625482
60800	 2	 0.928210	 0.450794	 -2.019807	 -115.726422
60800	 3	 0.891553	 0.331728	 -1.938154	 -111.048016
60800	 4	 0.830263	 0.434941	 -1.840368	 -105.445301
61440	 0	 1.032068	 0.388156	 -1.571451	 -90.037514
61440	 1	 0.976723	 0.278735	 -1.756246	 -100.625482
61440	 2	 0.928210	 0.450794	 -2.019807	 -115.726422
61440	 3	 0.891553	 0.331728	 -1.938154	 -111.048016
61440	 4	 0.830263	 0.434941	 -1.840368	 -105.445301
62080	 0	 1.032068	 0.388156	 -1.571451	 -90.037514
62080	 1	 0.976723	 0.278735	 -1.756246	 -100.625482
62080	 2	 0.928210	 0.450794	 -2.019807	 -115.726422
62080	 3	 0.891553	 0.331728	 -1.938154	 -111.048016
62080	 4	 0.830263	 0.434941	 -1.840368	 -105.445301
62720	 0	 1.159104	 0.413980	 -2.022840	 -115.900210
62720	 1	 1.087894	 0.295417	 -1.828775	 -104.781099
62720	 2	 1.057417	 0.484405	 -1.727780	 -98.994487
62720	 3	 1.000386	 0.370949	 -1.878768	 -107.645496
62720	 4	 0.941065	 0.474748	 -1.992207	 -114.145070
63360	 0	 1.159104	 0.413980	 -2.022840	 -115.900210
63360	 1	 1.087894	 0.295417	 -1.828775	 -104.781099
63360	 2	 1.057417	 0.484405	 -1.727780	 -98.994487
63360	 3	 1.000386	 0.370949	 -1.878768	 -107.645496
63360	 4	 0.941065	 0.474748	 -1.992207	 -114.145070
64000	 0	 1.286152	 0.431237	 -1.724045	 -98.780477
64000	 1	 1.194277	 0.334512	 -1.986787	 -113.834487
64000	 2	 1.187959	 0.521084	 -1.882075	 -107.834945
64000	 3	 1.124583	 0.418195	 -1.814579	 -103.967719
64000	 4	 1.052719	 0.513857	 -1.835005	 -105.138024
64640	 0	 1.286152	 0.431237	 -1.724045	 -98.780477
64640	 1	 1.194277	 0.334512	 -1.986787	 -113.834487
64640	 2	 1.187959	 0.521084	 -1.882075	 -107.834945
64640	 3	 1.124583	 0.418195	 -1.814579	 -103.967719
64640	 4	 1.052719	 0.513857	 -1.835005	 -105.138024
65280	 0	 1.286152	 0.431237	 -1.724045	 -98.780477
65280	 1	 1.194277	 0.334512	 -1.986787	 -113.834487
65280	 2	 1.187959	 0.521084	 -1.882075	 -107.834945
65280	 3	 1.124583	 0.418195	 -1.814579	 -103.967719
65280	 4	 1.052719	 0.513857	 -1.835005	 -105.138024
65920	 0	 1.400579	 0.493397	 -2.090891	 -119.799250
65920	 1	 1.296135	 0.385129	 -2.080808	 -119.221498
65920	 2	 1.288522	 0.545699	 -1.882961	 -107.885727
65920	 3	 1.224755	 0.436399	 -1.774718	 -101.683861
65920	 4	 1.171947	 0.540332	 -1.838557	 -105.341529
66560	 0	 1.400579	 0.493397	 -2.090891	 -119.799250
66560	 1	 1.296135	 0.385129	 -2.080808	 -119.221498
66560	 2	 1.288522	 0.545699	 -1.882961	 -107.885727
66560	 3	 1.224755	 0.436399	 -1.774718	 -101.683861
66560	 4	 1.171947	 0.540332	 -1.838557	 -105.341529
67200	 0	 1.515790	 0.551195	 -2.022630	 -115.888161
67200	 1	 1.402730	 0.446158	 -2.035373	 -116.618267
67200	 2	 1.397384	 0.583359	 -1.913041	 -109.609161
67200	 3	 1.314473	 0.463564	 -1.935758	 -110.910763
67200	 4	 1.282548	 0.579016	 -1.862658	 -106.722464
67840	 0	 1.515790	 0.551195	 -2.022630	 -115.888161
67840	 1	 1.402730	 0.446158	 -2.035373	 -116.618267
67840	 2	 1.397384	 0.583359	 -1.913041	 -109.609161
67840	 3	 1.314473	 0.463564	 -1.935758	 -110.910763
67840	 4	 1.282548	 0.579016	 -1.862658	 -106.722464
68480	 0	 1.515790	 0.551195	 -2.022630	 -115.888161
68480	 1	 1.402730	 0.446158	 -2.035373	 -116.618267
68480	 2	 1.397384	 0.583359	 -1.913041	 -109.609161
68480	 3	 1.314473	 0.463564	 -1.935758	 -110.910763
68480	 4	 1.282548	 0.579016	 -1.862658	 -106.722464
